<SVGPath content="m 729.6462,121.09563 35.82431,1.46222 65.79976,-15.35328 40.94207,31.43766 -4.38665,16.08439 10.23552,3.65554 25.58879,64.33754 29.24434,0.73111 24.85768,38.74874 -77.49749,20.47104 -2.92443,24.12658 -17.5466,-13.89106 -45.32873,88.46412 -96.50631,-7.31109 z"/>
<SVGPath content="m 747.9239,320.68823 27.05102,15.35327 9.50441,29.24434 9.50441,7.31109 28.51323,-4.38666 9.50441,8.77331 -13.89106,32.89987 -57.02646,67.99309 5.11776,48.25315 -97.96853,-8.7733 -10.23552,-204.71036 z"/>
<SVGPath content="m 603.89555,118.1712 27.78212,24.85768 46.79094,16.8155 5.84887,-17.54661 46.05983,-20.47103 16.08438,24.85769 v 25.58879 l -30.70655,114.78402 -76.03528,10.23552 -91.38855,-82.61525 8.7733,-73.84195 z"/>
<SVGPath content="m 367.01642,49.447006 21.20215,-28.513228 82.61525,-12.4288433 87.0019,16.8154933 5.84887,51.908698 13.15995,9.504409 -27.78212,126.481755 -239.07245,-24.12658 z"/>
<SVGPath content="m 519.81808,162.0377 13.15995,-4.38665 2.92444,-7.31108 -1.46222,-2.92444 35.09321,-65.799754 24.12657,12.428843 10.96663,24.126581 -13.89106,15.35327 11.69773,16.08439 -10.96662,27.78212 19.00882,97.23742 -115.51513,1.46221 -21.20215,-90.65744 z"/>
<SVGPath content="m 302.67888,552.4496 8.0422,25.58879 v 25.58879 l 9.50441,-2.92443 21.20214,37.28653 -11.69773,18.27771 17.5466,12.42884 19.73992,-22.66436 57.02646,43.86651 89.92634,-118.43957 -108.93516,-65.79975 z"/>
<SVGPath content="m 332.65433,548.79405 -23.39547,26.31991 -11.69774,3.65554 -31.43766,21.93325 -21.20214,54.10202 -22.66436,17.54661 -5.84887,-4.38666 -4.38665,-38.01763 19.00882,-38.74875 8.7733,-9.50441 -10.23552,-22.66436 h -7.31108 l -26.3199,-30.70655 29.24433,-71.64863 73.84195,7.31109 z"/>
<SVGPath content="m 656.1698,452.28775 54.83313,52.6398 18.27771,-4.38665 36.18987,13.5255 3.65554,22.29881 -10.96662,6.94553 -14.62217,80.42193 -15.35328,1.09666 -4.02109,25.22324 -33.26544,24.85768 9.50441,35.45876 -54.46758,11.33218 -16.08438,-19.37437 -19.37437,19.37437 -24.12658,-79.69081 -138.9106,-177.29379 z"/>
<SVGPath content="m 496.35105,495.82448 27.64999,40.4634 4.72073,-2.69756 18.88292,24.95243 v 18.88292 l 10.79024,-6.7439 18.20853,40.4634 8.76707,8.76707 8.09268,40.4634 -26.9756,-14.83658 -28.32438,15.51097 -0.67439,10.79024 -41.81218,10.79024 -1.34878,10.79024 -35.06828,46.53291 -21.58048,-16.85975 -20.2317,-6.7439 -5.39512,-34.39389 16.18536,-7.41829 -4.04634,-32.37072 35.74267,-13.4878 -37.76584,-127.45971 53.9512,-20.90609 z"/>
<SVGPath content="m 652.74524,272.54849 25.02117,-13.608 11.41316,5.26762 35.99537,-38.62918 -2.63381,-34.23949 24.58221,-28.09395 2.19483,23.2653 -1.3169,23.70427 -5.26761,7.90142 18.87562,11.85213 22.38736,-3.51174 10.09626,21.94839 -26.77704,44.33576 -6.58452,35.11743 -31.16672,-8.77936 -45.75531,12.45374 z"/>
<SVGPath content="m 556.1723,256.30668 47.8475,-9.21833 27.21601,1.75588 -4.38967,-13.60801 7.46245,-1.3169 20.19252,17.11975 9.6573,43.45782 22.38736,8.77936 17.11974,32.92259 -72.4297,39.50711 -99.6457,-67.16209 z"/>
<SVGPath content="m 616.74987,460.42675 7.46246,-7.46246 33.36156,33.36156 18.43665,-15.36387 -4.38968,-5.26762 12.2911,-13.608 -0.87794,-21.9484 -7.46245,-5.70658 1.3169,-17.55871 18.43666,-12.2911 11.85213,0.43896 12.2911,-10.97419 -1.75587,-61.45551 -32.92259,5.70659 -18.43666,21.94839 -57.94376,5.70658 -32.92259,-26.33807 -27.65497,50.92027 z"/>
<SVGPath content="m 561.50847,268.16114 -0.93119,22.659 9.62231,13.03668 1.55199,13.03668 11.79509,5.27675 6.51834,18.93423 -6.51834,0.3104 -6.51834,9.62231 4.03517,14.27827 -3.41437,11.48469 -86.29042,1.55199 -4.03516,-95.60233 z"/>
<SVGPath content="m 493.5315,321.54946 5.58714,-27.93575 31.03972,-4.96635 23.27979,-18.00304 7.44953,-2.48318 0.3104,-12.72628 -13.03668,-13.34708 -18.62383,-1.55198 -37.24766,-40.66203 -56.18189,8.38072 14.58867,92.18796 z"/>
<SVGPath content="m 446.43034,218.11648 50.4813,51.35924 -10.53523,3.07277 -2.19484,11.41317 -9.65729,10.09626 16.24181,25.46014 -62.33344,20.19252 -21.50942,-121.15513 z"/>
<SVGPath content="m 455.20969,323.0298 17.99769,-10.53523 9.65729,6.14555 6.58452,-3.95071 5.26761,-0.43897 5.70659,15.80285 -10.53523,17.99768 -31.60569,-2.63381 z"/>
<SVGPath content="m 300.693,477.10753 -3.07278,13.16903 12.2911,40.38505 -5.70658,14.92491 36.8733,29.41085 12.2911,-14.48594 19.75356,3.51174 17.11975,-14.48594 11.41316,7.46245 35.11743,-3.51174 7.90142,-16.68078 -18.87561,-79.89215 -94.81707,-3.51175 z"/>
<SVGPath content="m 493.3999,481.93617 37.31227,9.6573 17.99768,-5.70658 15.36388,8.34039 -4.82865,6.58451 14.04697,7.90143 40.82402,-29.84982 11.85213,8.77936 4.38968,-16.68078 -10.9742,-7.46246 0.43897,-7.90142 -24.5822,-32.48362 0.43897,-13.16904 9.65729,-11.41316 -36.8733,3.95071 -10.9742,-24.5822 -27.21601,-21.50943 -22.82633,14.92491 z"/>
<SVGPath content="m 462.67215,340.58852 15.36387,-1.75588 14.48594,3.51175 18.87562,8.77936 21.50943,-15.36388 14.48594,8.34039 v 23.2653 l -22.38736,3.51174 0.43896,32.92259 11.41317,30.28879 -7.02349,8.34039 -11.41316,-0.87794 -9.21833,29.41085 -8.77935,6.14555 -3.51175,19.75355 -48.28646,-67.60105 z"/>
<SVGPath content="m 360.06071,153.93499 158.61295,-0.3104 9.31192,5.27675 -9.00152,22.65899 -3.10397,20.17582 -9.00152,13.03668 -33.52289,4.34556 -10.24311,16.45105 -16.76145,-16.45105 -79.46167,21.7278 z"/>
<SVGPath content="m 423.07134,499.09664 -7.13914,10.8639 25.45257,6.82873 16.14065,-23.59018 39.42044,4.34556 -28.55654,-57.73387 13.03668,-18.31344 -3.72476,-12.41588 -17.38224,-27.00456 6.51834,-14.27827 -7.44953,-7.44953 4.03516,-19.86542 -37.86846,-4.34556 -20.17581,77.90969 z"/>
<SVGPath content="m 257.94005,410.32305 42.8348,67.66658 29.17734,-10.24311 13.65747,3.41437 23.90058,-10.5535 1.86239,19.55502 7.13913,-2.48318 1.55199,12.72629 25.76296,9.31191 2.17278,-3.41437 17.38224,4.03516 6.82874,-6.82873 0.93119,-32.9021 -17.07184,-42.52441 18.93423,-17.69264 3.72476,-20.17582 -76.97849,-18.62383 z"/>
<SVGPath content="m 383.70584,378.00729 53.0672,2.96627 10.9742,-41.26298 12.88983,0.18182 -2.32563,-19.844 -50.61332,-45.20144 -89.44641,-0.10363 z"/>
<SVGPath content="m 372.24476,222.94512 47.8475,3.07278 1.75587,24.5822 23.70427,32.92259 13.16904,38.19021 -18.43665,7.02348 -20.63149,-13.16903 -11.41317,-27.21601 -35.99537,-2.19484 -12.2911,7.46245 -38.62917,-47.8475 z"/>
<SVGPath content="m 233.53091,114.08109 49.60337,-11.85213 9.6573,-28.093948 18.87562,-0.877936 32.04465,-19.753554 25.89911,-5.267615 v 14.046972 l 32.48362,8.779358 2.63381,18.436651 26.77704,27.216012 -18.43665,28.97188 6.14555,10.09626 -7.46246,21.94839 -8.77935,-11.41316 -5.70659,11.41316 0.43897,19.31459 -10.53523,21.07046 -33.36156,34.67846 h -47.8475 z"/>
<SVGPath content="m 338.00527,290.98515 1.75587,20.19252 16.24181,4.38968 22.82633,42.57988 h 14.48594 l 9.6573,-9.21832 6.58451,30.72775 -56.62685,24.14323 -40.82402,-86.91564 z"/>
<SVGPath content="m 334.93249,405.55576 19.75356,17.11975 23.2653,-3.95071 3.07277,-21.50943 -43.45782,-43.45782 -10.9742,-32.92259 3.95072,-38.1902 -69.35693,3.95071 43.45782,110.6199 z"/>
<SVGPath content="m 267.33144,161.92859 29.84982,41.26298 -5.26762,9.21832 7.02349,21.07046 3.95071,-7.02348 11.85213,2.6338 49.1644,61.89448 -4.38967,11.85213 -17.11975,-6.14555 -4.82865,7.02348 -38.62917,-3.51174 -24.14324,16.68078 -91.74428,-27.21601 11.41316,-112.37578 z"/>
<SVGPath content="m 151.0635,260.79364 32.47619,-7.87302 18.69841,7.87302 7.87301,-22.63492 1.21072,-19.78873 23.18008,-16.62397 23.83143,1.96826 -7.87302,-16.73016 26.57143,-11.80953 L 232.74604,113.1746 217,105.30159 l -14.7619,17.71428 -85.61905,34.44444 z"/>
<SVGPath content="m 139.15282,499.05592 7.90142,23.70427 31.16672,3.51174 40.38505,31.60569 13.16903,-6.58452 7.46246,-50.48131 -10.09627,-13.608 8.77936,-7.90142 27.65498,19.31458 45.65266,-35.55639 -18.43665,-24.14324 5.26761,-17.11975 21.50943,0.43897 2.19484,-14.04697 14.04697,-1.75587 -12.73007,-25.02117 -23.70426,-8.77936 -155.39463,18.43665 z"/>
<SVGPath content="m 64.967247,442.86803 7.901421,34.67847 23.265298,14.9249 15.363874,-5.26761 15.36388,14.92491 24.14323,0.43896 -3.51174,-15.80284 21.07046,-18.43665 -23.2653,-9.65729 8.77936,-18.43665 15.36387,-4.38968 38.19021,2.6338 41.70195,-53.55408 h 15.36387 l 14.92491,22.38736 17.55872,-1.3169 1.75587,-16.68078 9.65729,-9.21832 V 364.29278 L 277.4277,343.22232 74.62454,345.85613 Z"/>
<SVGPath content="m 10.707692,417.48224 67.239213,31.40007 35.973725,-36.53309 -8.85714,-17.71429 9.84127,-33.46032 10.8254,-2.95238 27.55555,-53.14286 -48.22222,-12.79365 24.60317,-10.82539 -0.98412,-7.87302 22.63492,-11.80952 -36.4127,-108.25397 -44.285713,-8.85714 -11.80952,10.82539 -43.30159,-30.50793 -2.95238,55.11111 26.571428,82.66666 -17.700087,30.40175 11.80953,59.60698 z"/>
<SVGPath content="m 125.98378,359.02517 22.38736,7.02348 7.46246,-3.51174 11.41316,10.53523 18.43665,-12.73007 7.90143,7.46246 46.09162,-2.19484 9.6573,-9.6573 12.2911,-0.43897 13.608,10.53523 17.55872,-0.87793 3.51174,-11.85213 7.02349,-6.58452 -5.26762,-32.48363 5.26762,-15.36387 -14.92491,-7.46246 -10.9742,12.73007 h -16.24181 v -14.92491 l -20.63149,10.09627 -11.41317,-25.02117 -27.216,-14.04698 -17.99769,-7.90142 -32.04465,8.34039 -21.9484,12.73007 -0.43896,7.02349 -23.70427,12.2911 46.5306,11.85213 z"/>
